def can_solve_cube(colors):
    # Define all possible one-move scenarios to solve the cube
    possible_solutions = [
        [0, 1, 2, 3, 4, 5, 6, 7, 8, 9, 10, 11, 15, 13, 14, 12, 16, 17, 18, 19, 20, 21, 22, 23],
        [0, 1, 2, 3, 4, 5, 6, 7, 8, 9, 10, 11, 14, 12, 13, 15, 16, 17, 18, 19, 20, 21, 22, 23],
        [0, 1, 20, 21, 4, 5, 2, 3, 8, 9, 6, 7, 12, 13, 10, 11, 15, 14, 18, 19, 16, 17, 22, 23],
        [0, 1, 6, 7, 4, 5, 10, 11, 8, 9, 14, 15, 12, 13, 18, 19, 16, 17, 2, 3, 20, 21, 22, 23],
        [4, 0, 2, 3, 8, 5, 6, 7, 12, 9, 10, 11, 16, 13, 14, 15, 1, 17, 18, 19, 20, 21, 22, 23],
        [1, 5, 2, 3, 0, 9, 6, 7, 4, 13, 10, 11, 8, 17, 14, 15, 12, 21, 18, 19, 20, 16, 22, 23],
        [0, 1, 2, 3, 5, 9, 6, 7, 13, 17, 10, 11, 21, 16, 14, 15, 4, 8, 18, 19, 20, 12, 22, 23],
        [0, 4, 2, 3, 8, 12, 6, 7, 16, 1, 10, 11, 5, 9, 14, 15, 13, 17, 18, 19, 20, 21, 22, 23],
        [0, 1, 3, 7, 4, 5, 2, 6, 8, 9, 11, 15, 12, 13, 10, 14, 16, 17, 19, 23, 20, 21, 18, 22]
    ]

    for solution in possible_solutions:
        if all(colors[solution[i]] == colors[i] for i in range(24)):
            return "YES"
    return "NO"

# Reading input
colors = list(map(int, input().split()))

# Outputting the result
print(can_solve_cube(colors))
